1 58
1 3
1 70
1 87
2 16
2 98
2 59
2 29
2 30
3 37
3 75
3 21
3 23
3 25
4 80
4 9
4 93
4 94
5 91
5 76
6 16
6 89
6 58
6 15
7 91
7 13
7 69
8 72
8 80
8 49
8 53
8 24
8 59
9 68
9 19
9 46
10 34
10 42
10 98
10 45
11 32
11 84
12 81
12 35
12 60
12 29
13 96
13 36
13 74
13 43
13 15
13 50
13 27
14 34
14 72
14 15
14 47
14 16
14 59
14 61
15 32
15 66
15 19
15 87
15 29
16 32
16 40
16 45
16 77
16 72
16 83
16 23
16 62
17 88
17 96
17 38
17 47
18 75
18 38
18 86
18 55
19 98
19 21
19 25
19 59
19 61
19 63
20 97
20 98
20 47
20 50
20 84
20 85
20 54
20 27
21 35
21 59
21 49
22 37
22 85
23 96
23 42
24 25
24 76
24 72
24 80
25 67
25 61
25 31
26 36
26 45
26 46
27 42
27 63
28 73
28 76
28 53
29 79
29 98
30 61
31 72
31 85
31 97
33 42
33 66
33 90
33 77
33 61
34 39
34 44
34 45
34 85
34 91
34 63
35 82
35 62
35 37
36 42
36 77
36 81
36 50
37 64
37 54
37 42
37 79
37 58
37 60
38 43
38 53
38 69
39 48
39 58
40 90
40 67
41 71
42 66
42 99
42 77
42 48
42 56
42 98
42 69
43 88
43 70
43 69
44 65
44 99
44 72
44 52
44 57
44 95
45 70
45 90
45 94
46 91
46 50
46 93
47 78
48 65
48 85
48 60
48 94
49 68
49 74
49 92
49 94
50 70
50 73
50 76
50 53
51 82
52 88
52 76
52 54
53 67
53 70
53 74
53 99
53 90
53 91
54 76
54 98
55 58
56 95
57 85
58 60
60 74
62 80
62 68
63 70
63 80
63 86
64 72
65 82
65 86
67 88
68 74
68 80
68 93
72 91
73 84
74 75
74 80
74 87
75 98
76 81
77 98
77 97
78 81
80 92
82 98
82 85
83 90
84 98
88 96
89 92
90 95
92 95
92 97
95 99
